1.9685843291879
1.7455122616887
1.5945851486921
1.5010527870059
1.4192356666923
1.3792591974139
1.3245867057145
1.2976500302553
1.2754989910126
1.2524432399869
1.229607822597
1.215943339318
1.1841668759286
1.1756749901175
1.163139757067
1.1457764738798
1.1387634103
1.1248726996779
1.1104050214589
1.129467048645
1.1050634929538
1.1061556909978
1.0968653357029
1.0818073920906
1.0627670750022
1.0655354094505
1.0530301660299
1.044174939692
1.0518191041052
1.0324250753224
1.0374351200461
1.0426902148128
1.0254233957827
1.0190756458044
1.015281200707
1.0043597181141
1.0233672985435
0.98511305317283
0.97436086118221
0.99473706111312
1.0005549827218
0.99038110792637
0.98248949766159
0.98075110122561
0.97426850944757
0.96953146576881
0.96360608160496
0.96015168391168
0.957157445997
0.95730662882328
0.93978028282523
0.95680895775557
0.9524522395432
0.95221983328462
0.940472189188
0.92584309533238
0.95588884666562
0.93044434219599
0.91743512913585
0.92042664900422
0.92823692306876
0.91170211538672
0.91626114368439
0.90931914687157
0.8985767929256
0.92834748163819
0.901025506109
0.9089708994329
0.90799952633679
0.90022514373064
0.89614463061094
0.88434734806418
0.89238384865224
0.90107656419277
0.89209023609757
0.89209381058812
0.88465029746294
0.88423377647996
0.88415304452181
0.87703784614801
0.8690742213279
0.87040078997612
0.85517595820129
0.86204693511128
0.86399185851216
0.87567370086908
0.86311484619975
0.84823054023087
0.85033230528235
0.85993982933462
0.85598387099802
0.84100299715996
0.83788481220603
0.83902930907905
0.83070883341134
0.84029679253697
0.8316594042629
0.84455001965165
0.83183336317539
0.84832750074565
0.8284712716192
0.8268205203861
0.83044378936291
0.83754718855023
0.82214913778007
0.82689697831869
0.80788279518485
0.80777181714773
0.81692923292518
0.80556756570935
0.82772073179483
0.81953761816025
0.81900259010494
0.81724034108222
0.79350531764328
0.81287421353161
0.8013742531091
0.80951985672116
0.78946606144309
0.7931046231091
0.79854773938656
0.80537730850279
0.80243671938777
0.79132497802377
0.80788405299187
0.78551261752844
0.79839340753853
0.7815809147805
0.78476579800248
0.78289573729038
0.78219064176083
0.79173457965255
0.78903959989548
0.78253176167607
0.78098850362003
0.77164225831628
0.77734791725874
0.76860145516694
0.77299582287669
0.76705051161349
0.78384546078742
0.76853563539684
0.76145163707435
0.76741784028709
0.77391559772193
0.75755659036338
0.76110268637538
0.74643374614418
0.76097787342966
0.76528478972614
0.7454130487144
0.76409235037863
0.770655637905
0.75979822434485
0.76121831849217
0.75284879498184
0.74978149861097
0.75161101303995
0.76039230041206
0.74334716178477
0.74949406839907
0.75562672443688
0.74161262787879
0.74234655961394
0.73284336492419
0.74775550462306
0.7339568553865
0.74333027355373
0.7418140553683
0.73359416075051
0.73138878412545
0.75026802249253
0.7261206561327
0.74291758395731
0.7420838676393
0.72856852807105
0.73337561838329
0.72578818462789
0.73362588532269
0.72648137204349
0.73125782646239
0.71555797807872
0.72816009916365
0.73447366587818
0.71928791284561
0.71609206423163
0.72902807235718
0.72119244538248
0.7388463113457
0.71555009737611
0.72708892211318
0.72055515147746
0.71837422467768
0.71971749715507
0.7057581140846
0.72049967043102
0.71304947651923
0.70557722553611
0.70914044991136
0.72324196644127
0.72037206500769
0.70987561948597
0.71447696149349
0.70170651957393
0.7144209626317
0.69884434945881
0.69706824250519
0.70149849303067
0.69415161587298
0.7004371227324
0.69861754894257
0.69758171856403
0.70638846613467
0.70565633252263
0.70666114710271
0.69961202904582
0.69770797029138
0.70287508264184
0.6973175470531
0.71044161893427
0.69427859656513
0.68731204293668
0.69149192042649
0.69748116508126
0.6881048797816
0.68914307288826
0.68956834763288
0.68859257929027
0.68793299682438
0.6857423684746
0.68830159403384
0.68220677480102
0.68730624809861
0.6847316210717
0.68205473393202
0.6902863843739
0.68643615163863
0.67538698911667
0.66931174479425
0.67470218621194
0.67905966192484
0.67353386819363
0.68337393797934
0.68675158038735
0.66577113904059
0.67913278073072
0.68346840657294
0.68974147997797
0.66483082130551
0.67008268475533
0.67390448272228
0.66418936155736
0.67005673930049
0.65967239007354
0.6679002224654
0.67323963135481
0.65001034319401
0.67322846636176
0.66678745612502
0.66633209973574
0.66109884276986
0.67296392120421
0.66904951579869
0.67110610708594
0.65498067423701
0.65296329699457
0.65327138617635
0.66818707473576
0.65537144303322
0.65358669877052
0.64662829130888
0.66924042969942
0.65634808808565
0.64977482259274
0.64963589280844
0.65494941398501
0.65429976172745
0.63891571097076
0.64997817769647
0.64084843792021
0.64150534309447
0.64894310429692
0.65317757382989
0.64474424831569
0.64375211007893
0.65125576369464
0.6504247096926
0.65519089788198
0.64756719209254
0.65197551496327
0.64510985247791
0.64570017427206
0.64750998429954
0.65023917600513
0.64787279881537
0.64417427621782
0.64074851758778
0.64094125248492
0.64038800470531
0.63512618452311
0.6335822417587
0.64788607552648
0.62780116677284
0.63417958498001
0.63331643037498
0.63737581923604
0.64264343231916
0.6349895337224
0.63260762311518
0.64321330718696
0.63214340254664
0.63013678446412
0.63629519864917
0.62529430285096
0.62772441625595
0.6204656073451
0.62434585675597
0.63046879142523
0.63106350682676
0.61685737855732
0.62023681975901
0.63136084727943
0.63496204443276
0.61449880704284
0.62867212772369
0.6181505575031
0.62288783453405
0.62321261640638
0.62371550910175
0.61766929335892
0.61648596197367
0.62966613739729
0.62288451246917
0.60724997363985
0.62122893601656
0.61105292499065
0.61431879013777
0.62638191401958
0.60755235075951
0.6168582585454
0.61560078375041
0.61670266129076
0.61073198184371
0.6243185891211
0.61741412639618
0.61934884883463
0.61841937556863
0.61975194178522
0.60969589069486
0.61028427757323
0.61117142751813
0.60550665341318
0.61068896383047
0.60724708117545
0.60103454433382
0.6047804223001
0.58200092770159
0.6024073318392
0.6108334454149
0.6048671810329
0.60226692698896
0.61954179756343
0.61280326731503
0.61203636683524
0.60531888350844
0.60391551606357
0.59830083049834
0.605759229213
0.59242329277098
0.59685327187181
0.60426983259618
0.59453706778586
0.60210876718163
0.60737990573049
0.58943512588739
0.59936988696456
0.58757952231914
0.59426679193974
0.58712825901806
0.60537103712559
0.57909578152001
0.59196167446673
0.61617328770459
0.59175372809172
0.58553383462131
0.58574605420232
0.60158922277391
0.58935812629759
0.59124413147569
0.59727891787887
0.59718866493553
0.59366004981101
0.58265531636775
0.59124770388007
0.59234972141683
0.58580488823354
0.58804302796721
0.59114976301789
0.58045600533485
0.59228725008667
