0.284609375
0.47171875
0.518359375
0.549609375
0.570859375
0.565390625
0.583515625
0.58203125
0.5909375
0.591015625
0.594296875
0.6009375
0.609609375
0.61375
0.61484375
0.62265625
0.618046875
0.62609375
0.630859375
0.616640625
0.626640625
0.62765625
0.6321875
0.63734375
0.645703125
0.639921875
0.648046875
0.648046875
0.64765625
0.660625
0.653359375
0.648828125
0.65375
0.661484375
0.670078125
0.664453125
0.6584375
0.678828125
0.68046875
0.673515625
0.669375
0.6696875
0.678203125
0.6784375
0.6821875
0.681328125
0.6834375
0.67859375
0.686640625
0.68828125
0.694765625
0.684921875
0.68765625
0.68984375
0.693203125
0.69953125
0.694453125
0.690703125
0.695390625
0.70390625
0.693359375
0.699453125
0.6975
0.702421875
0.707109375
0.695546875
0.709375
0.708984375
0.702265625
0.702890625
0.7046875
0.71359375
0.705
0.70734375
0.71390625
0.71078125
0.710078125
0.71078125
0.712421875
0.717578125
0.7221875
0.721328125
0.72796875
0.7271875
0.721640625
0.719375
0.72921875
0.728671875
0.724765625
0.72421875
0.727890625
0.73203125
0.7328125
0.729140625
0.73640625
0.72578125
0.7334375
0.72875
0.731640625
0.72484375
0.735546875
0.736171875
0.734921875
0.72796875
0.73375
0.73546875
0.745703125
0.74328125
0.734453125
0.746484375
0.735546875
0.738203125
0.74171875
0.737734375
0.751015625
0.743046875
0.745546875
0.737578125
0.750625
0.74484375
0.74640625
0.743203125
0.746171875
0.7490625
0.7421875
0.7515625
0.7490625
0.7521875
0.749375
0.753046875
0.75109375
0.746328125
0.75109375
0.750390625
0.753046875
0.752265625
0.75265625
0.756953125
0.7559375
0.756171875
0.74671875
0.755859375
0.7575
0.758125
0.750078125
0.76296875
0.76125
0.76546875
0.7546875
0.759609375
0.7640625
0.75875
0.753984375
0.75875
0.759453125
0.766015625
0.766328125
0.76234375
0.7578125
0.761640625
0.764921875
0.76265625
0.759765625
0.765078125
0.771953125
0.764609375
0.769140625
0.769609375
0.767265625
0.768828125
0.771640625
0.763203125
0.777109375
0.765
0.7603125
0.77078125
0.765390625
0.77375
0.767265625
0.773046875
0.771328125
0.774609375
0.766015625
0.766171875
0.773359375
0.777109375
0.77015625
0.76828125
0.7634375
0.77171875
0.769453125
0.77546875
0.77453125
0.772578125
0.776875
0.769453125
0.773984375
0.777265625
0.7790625
0.76734375
0.765546875
0.7746875
0.7784375
0.777265625
0.774765625
0.780703125
0.77890625
0.777734375
0.78265625
0.78328125
0.78
0.78140625
0.775234375
0.779453125
0.779609375
0.78140625
0.77890625
0.775546875
0.77984375
0.774453125
0.78125
0.785234375
0.7871875
0.78015625
0.78171875
0.783046875
0.784765625
0.782109375
0.78859375
0.782109375
0.781015625
0.78828125
0.779765625
0.78921875
0.78453125
0.783046875
0.786015625
0.785546875
0.79453125
0.788046875
0.786171875
0.782109375
0.784609375
0.7815625
0.790859375
0.787734375
0.7821875
0.7803125
0.79546875
0.7896875
0.7925
0.795703125
0.790078125
0.8028125
0.794609375
0.786015625
0.799375
0.79171875
0.792578125
0.791953125
0.796953125
0.790703125
0.798359375
0.790546875
0.798828125
0.800703125
0.798515625
0.795625
0.79640625
0.800078125
0.8015625
0.790703125
0.795234375
0.800234375
0.80171875
0.79921875
0.79734375
0.806875
0.80078125
0.807109375
0.801640625
0.8015625
0.804453125
0.800078125
0.804921875
0.79984375
0.798359375
0.80125
0.803203125
0.800390625
0.801328125
0.80234375
0.802578125
0.7978125
0.801484375
0.802265625
0.802734375
0.8040625
0.806796875
0.80875
0.805390625
0.802421875
0.808203125
0.80625
0.807890625
0.806796875
0.804921875
0.809375
0.81015625
0.803046875
0.810234375
0.80578125
0.807109375
0.8115625
0.81046875
0.81234375
0.812109375
0.806328125
0.80859375
0.81328125
0.811640625
0.80625
0.809375
0.81609375
0.811640625
0.809296875
0.810234375
0.808671875
0.81328125
0.814140625
0.816640625
0.8059375
0.81296875
0.816328125
0.809453125
0.818671875
0.8159375
0.80953125
0.821015625
0.817421875
0.814140625
0.811640625
0.815078125
0.8103125
0.82125
0.815234375
0.813828125
0.8171875
0.820625
0.821171875
0.821953125
0.824296875
0.816328125
0.818359375
0.8271875
0.820234375
0.82828125
0.820546875
0.817890625
0.82
0.822421875
0.814609375
0.818359375
0.815390625
0.81984375
0.821875
0.823203125
0.8203125
0.825546875
0.821796875
0.820546875
0.822734375
0.82015625
0.818828125
0.82921875
0.82359375
0.8278125
0.82796875
0.828203125
0.818125
0.831640625
0.82734375
0.81546875
0.82734375
0.82671875
0.83140625
0.818828125
0.832265625
0.82765625
0.82640625
0.823515625
0.828359375
0.827265625
0.82859375
0.830234375
0.8271875
0.828046875
0.829140625
0.835078125
0.821171875
